    3843    33510   219160 1906_GEG_SB.txt
    4087    32081   191236 1873_GEG_SB.txt
    4265    38545   247883 1904_GEG_SB.txt
    4568    45630   262980 1909_GEG_SB.txt
    4842    36969   223413 1892_GEG_SB.txt
    4873    41284   258836 1911_GEG_SB.txt
    4905    44388   284179 1905_GEG_SB.txt
    4972    48034   283034 1908_GEG_SB.txt
    5107    37120   231092 1890_GEG_SB.txt
    5367    38008   236248 1898_GEG_SB.txt
    5522    39838   241592 1895_GEG_SB.txt
    5574    42175   258072 1893_GEG_SB.txt
    5808    44475   270025 1887_GEG_SB.txt
    5829    40723   253014 1899_GEG_SB.txt
    5967    45284   274316 1891_GEG_SB.txt
    6075    47966   287420 1883_GEG_SB.txt
    6313    48851   294602 1889_GEG_SB.txt
    6462    77630   380183 1907_GEG_SB.txt
    6599    47986   308648 1875_GEG_SB.txt
    6676    51926   317862 1880_GEG_SB.txt
    6798    49315   316859 1877_GEG_SB.txt
    6965    47487   300545 1900_GEG_SB.txt
    6987    51122   309573 1896_GEG_SB.txt
    7027    49573   315218 1897_GEG_SB.txt
    7272    53463   332004 1894_GEG_SB.txt
    7369    51366   341045 1874_GEG_SB.txt
    7430    62014   403933 1903_GEG_SB.txt
    8014    73912   460145 1910_GEG_SB.txt
    8101    61942   385971 1879_GEG_SB.txt
    8248    66934   395467 1881_GEG_SB.txt
    8644    70917   400645 1882_GEG_SB.txt
    8790    77618   512973 1902_GEG_SB.txt
    8814    62674   425702 1876_GEG_SB.txt
    9181    77261   469686 1878_GEG_SB.txt
    9231    73840   442371 1888_GEG_SB.txt
   10356    71960   446994 1901_GEG_SB.txt
   10650    85902   517963 1884_GEG_SB.txt
   10659    85157   520715 1886_GEG_SB.txt
   11196    82231   531141 1885_GEG_SB.txt
   18761   176778  1088074 1912-1922_GEG_SB.txt
  288147  2313889 14240819 total
