      37       37      639 GGuADirectory.txt
    2964    28075   196193 1876_GGuA_SB.txt
    3300    34072   200880 1874_GGuA_SB.txt
    3439    34509   211355 1873_GGuA_SB.txt
    3867    42915   239988 1875_GGuA_SB.txt
    4678    35851   249575 1906_GGuA_SB.txt
    5103    38499   273977 1909_GGuA_SB.txt
    5150    37192   263458 1887_GGuA_SB.txt
    5269    38621   269891 1888_GGuA_SB.txt
    5319    41581   275806 1892_GGuA_SB.txt
    5555    44407   291099 1882-1883_GGuA_SB.txt
    5836    44900   320632 1908_GGuA_SB.txt
    5851    46406   312309 1885_GGuA_SB.txt
    5869    43604   298011 1889_GGuA_SB.txt
    6024    51077   315618 1884_GGuA_SB.txt
    6291    47743   323289 1891_GGuA_SB.txt
    6335    52080   348544 1907_GGuA_SB.txt
    6448    51370   327643 1893_GGuA_SB.txt
    6708    55501   355468 1886_GGuA_SB.txt
    7004    58925   381477 1877-1881_GGuA_SB.txt
    7075    55195   391583 1905_GGuA_SB.txt
    7111    53810   371276 1901_GGuA_SB.txt
    7132    53990   368884 1895_GGuA_SB.txt
    7823    57793   401559 1890_GGuA_SB.txt
    7982    60725   413534 1896_GGuA_SB.txt
    8658    65462   444519 1897_GGuA_SB.txt
    8770    72137   479313 1914_GGuA_SB.txt
    9014    69505   471491 1898_GGuA_SB.txt
    9228    72971   476755 1894_GGuA_SB.txt
    9398    73876   507602 1903_GGuA_SB.txt
   10248    83845   570176 1902_GGuA_SB.txt
   10262    78604   536359 1899_GGuA_SB.txt
   10361    80023   541622 1900_GGuA_SB.txt
   12698   101355   707819 1910_GGuA_SB.txt
   14362   110350   752372 1904_GGuA_SB.txt
   15315   133310   876396 1913_GGuA_SB.txt
   21863   184540  1234054 1912_GGuA_SB.txt
   22130   189700  1242558 1911_GGuA_SB.txt
  300477  2424556 16243724 total
